   A  R  N  D  C  Q  E  G  H  I  L  K  M  F  P  S  T  W  Y  V  B  Z  X  *
 6.237313 -5.122382 9.394199 10.505923 -7.939821 -17.068168 3.038032 -2.310171 0.097821 -11.874306 1.941016 -3.972903 8.696711 7.881155 8.161000 9.423451 4.275572 -13.781988 12.877181 0.114061 -11.434775 -0.491901 -7.937575 19.785574
 -5.122382 11.838906 17.519775 8.971145 5.010884 -2.161277 -24.496135 6.614363 -0.843844 -18.846393 20.382078 5.936370 21.479117 -13.592490 6.186855 -11.212084 8.616587 -15.603805 -4.728399 3.002380 -12.086840 2.445729 21.666149 -27.010801
 9.394199 17.519775 9.951805 16.448392 -13.077215 37.230389 0.171061 -16.394921 -0.752940 -10.235510 -8.268173 11.033732 10.386092 -10.631089 12.673796 17.698803 -24.900585 -24.249295 -1.317996 8.453822 34.614445 -8.121135 5.916901 -22.557736
 10.505923 8.971145 16.448392 7.449214 2.074411 10.543037 -2.359124 5.538888 -11.416888 1.124505 -7.989547 -30.765815 5.328833 -16.780165 4.576934 4.996703 1.728057 -17.359656 -5.466674 4.101233 6.456925 6.740932 -3.050758 -22.575063
 -7.939821 5.010884 -13.077215 2.074411 10.658626 -31.853026 -6.530746 -7.352581 -7.421778 -21.363931 -14.030749 -10.355767 -20.466249 1.181728 -14.220556 8.905420 -6.708016 0.593329 -10.791831 -12.657970 -17.528532 -11.007107 -2.157009 -1.843205
 -17.068168 -2.161277 37.230389 10.543037 -31.853026 7.397112 26.833869 6.650891 -6.976431 -11.197672 -7.927518 -13.026232 -9.036286 -2.560749 -27.763353 -0.663317 13.054177 13.437428 -5.280153 1.848806 9.888350 -5.421934 12.509083 -0.947853
 3.038032 -24.496135 0.171061 -2.359124 -6.530746 26.833869 2.628569 10.609115 -7.230223 8.378639 -23.291193 20.518759 23.389572 10.148544 -0.837221 13.876882 15.965572 0.212745 -12.013398 1.203711 20.494880 20.194680 13.438886 -42.002305
 -2.310171 6.614363 -16.394921 5.538888 -7.352581 6.650891 10.609115 6.732055 -16.466536 -15.235330 -15.486258 -10.416721 21.396532 23.450194 4.937937 -5.292660 5.710715 -8.137241 -13.488013 -13.393890 19.180626 -12.054826 8.228116 -40.808544
 0.097821 -0.843844 -0.752940 -11.416888 -7.421778 -6.976431 -7.230223 -16.466536 1.217212 -8.612455 14.763864 21.722329 11.503957 7.145405 -0.866691 -35.601431 26.033516 -7.671445 -7.341508 0.449251 -6.904038 9.471799 -9.130285 5.211621
 -11.874306 -18.846393 -10.235510 1.124505 -21.363931 -11.197672 8.378639 -15.235330 -8.612455 3.700439 8.035392 -6.928285 -19.175190 -13.408045 -8.138867 1.869177 -6.963253 -15.992965 -16.276783 -3.563247 -19.559016 -0.908650 2.583094 -12.878052
 1.941016 20.382078 -8.268173 -7.989547 -14.030749 -7.927518 -23.291193 -15.486258 14.763864 8.035392 6.865173 4.356715 5.058423 -3.258178 0.510092 4.642499 -1.052849 0.663422 -2.267010 -13.999494 -15.865123 -38.284182 -5.300309 7.944508
 -3.972903 5.936370 11.033732 -30.765815 -10.355767 -13.026232 20.518759 -10.416721 21.722329 -6.928285 4.356715 11.267102 -7.843950 21.585292 0.983289 -10.995650 12.352290 -9.949268 -20.449165 -25.545879 21.576909 28.597602 15.412171 26.294246
 8.696711 21.479117 10.386092 5.328833 -20.466249 -9.036286 23.389572 21.396532 11.503957 -19.175190 5.058423 -7.843950 13.058358 -1.172458 2.412637 -16.512640 12.736181 -15.025023 12.548906 -36.820217 -2.197915 14.232525 -23.721227 -34.372756
 7.881155 -13.592490 -10.631089 -16.780165 1.181728 -2.560749 10.148544 23.450194 7.145405 -13.408045 -3.258178 21.585292 -1.172458 9.136172 0.439308 14.018740 1.889438 11.867142 -2.576506 16.482790 -9.726665 -3.571415 6.348532 -1.905800
 8.161000 6.186855 12.673796 4.576934 -14.220556 -27.763353 -0.837221 4.937937 -0.866691 -8.138867 0.510092 0.983289 2.412637 0.439308 3.944746 11.403057 21.776961 -24.167447 -14.620971 -1.802112 -11.878458 -23.246277 -3.685789 -19.356936
 9.423451 -11.212084 17.698803 4.996703 8.905420 -0.663317 13.876882 -5.292660 -35.601431 1.869177 4.642499 -10.995650 -16.512640 14.018740 11.403057 2.554923 4.433709 -19.113879 4.611329 3.697795 -4.165183 14.028106 0.515599 -9.322375
 4.275572 8.616587 -24.900585 1.728057 -6.708016 13.054177 15.965572 5.710715 26.033516 -6.963253 -1.052849 12.352290 12.736181 1.889438 21.776961 4.433709 5.740521 10.134234 -30.977830 -9.457856 3.996252 -25.010502 1.074009 -14.703142
 -13.781988 -15.603805 -24.249295 -17.359656 0.593329 13.437428 0.212745 -8.137241 -7.671445 -15.992965 0.663422 -9.949268 -15.025023 11.867142 -24.167447 -19.113879 10.134234 14.288314 -15.100910 -6.858858 3.498799 8.604866 -9.652612 -9.646345
 12.877181 -4.728399 -1.317996 -5.466674 -10.791831 -5.280153 -12.013398 -13.488013 -7.341508 -16.276783 -2.267010 -20.449165 12.548906 -2.576506 -14.620971 4.611329 -30.977830 -15.100910 18.851302 8.149500 -17.214416 -21.660208 15.397947 -11.687108
 0.114061 3.002380 8.453822 4.101233 -12.657970 1.848806 1.203711 -13.393890 0.449251 -3.563247 -13.999494 -25.545879 -36.820217 16.482790 -1.802112 3.697795 -9.457856 -6.858858 8.149500 9.522115 -4.878673 -1.776020 -12.510582 -38.384837
 -11.434775 -12.086840 34.614445 6.456925 -17.528532 9.888350 20.494880 19.180626 -6.904038 -19.559016 -15.865123 21.576909 -2.197915 -9.726665 -11.878458 -4.165183 3.996252 3.498799 -17.214416 -4.878673 13.950161 1.618184 -13.774148 0.506841
 -0.491901 2.445729 -8.121135 6.740932 -11.007107 -5.421934 20.194680 -12.054826 9.471799 -0.908650 -38.284182 28.597602 14.232525 -3.571415 -23.246277 14.028106 -25.010502 8.604866 -21.660208 -1.776020 1.618184 13.738326 -2.497262 13.440559
 -7.937575 21.666149 5.916901 -3.050758 -2.157009 12.509083 13.438886 8.228116 -9.130285 2.583094 -5.300309 15.412171 -23.721227 6.348532 -3.685789 0.515599 1.074009 -9.652612 15.397947 -12.510582 -13.774148 -2.497262 -8.606235 12.175800
 19.785574 -27.010801 -22.557736 -22.575063 -1.843205 -0.947853 -42.002305 -40.808544 5.211621 -12.878052 7.944508 26.294246 -34.372756 -1.905800 -19.356936 -9.322375 -14.703142 -9.646345 -11.687108 -38.384837 0.506841 13.440559 12.175800 -7.694164